0 0.651282 0.226655 0.146521 0.166067
0 0.553846 0.220776 0.146521 0.166061
0 0.899634 0.652839 0.146518 0.166061
0 0.884982 0.519104 0.146521 0.166061
0 0.884250 0.367737 0.146521 0.166061
0 0.827839 0.260456 0.146521 0.166067
0 0.816118 0.192857 0.146521 0.166061
0 0.141381 0.510956 0.146521 0.166061
0 0.096704 0.663126 0.146521 0.166061
0 0.137367 0.882818 0.179498 0.220468
0 0.168498 0.372146 0.146518 0.166067
0 0.195604 0.282500 0.146521 0.166067
0 0.221246 0.192857 0.146521 0.166061
0 0.888645 0.861523 0.197797 0.189568
0 0.353846 0.329526 0.146521 0.166067
0 0.633700 0.354511 0.146521 0.166061
