0 0.435159 0.484799 0.134053 0.140402
0 0.597071 0.106299 0.106227 0.121583
0 0.625640 0.436314 0.106227 0.121583
0 0.600723 0.621568 0.122327 0.150500
0 0.807696 0.477572 0.140667 0.120159
0 0.792674 0.350913 0.145786 0.121583
0 0.839559 0.083140 0.106227 0.121583
0 0.298558 0.266955 0.106227 0.121591
0 0.290844 0.362496 0.106227 0.121583
0 0.260073 0.484080 0.106227 0.121583
0 0.235165 0.614348 0.106227 0.121591
0 0.210989 0.738830 0.106227 0.121583
0 0.208422 0.914682 0.143585 0.157758
0 0.376921 0.835814 0.150913 0.193977
0 0.422339 0.657773 0.159693 0.147636
0 0.497811 0.302443 0.123090 0.137538
