0 0.505260 0.272966 0.074441 0.160096
0 0.321171 0.316331 0.094665 0.115485
0 0.324022 0.423886 0.094665 0.115485
0 0.482604 0.606299 0.094665 0.115485
0 0.702679 0.500000 0.094665 0.115492
0 0.618533 0.398950 0.094665 0.115485
0 0.811100 0.753279 0.094665 0.115485
0 0.809482 0.623362 0.094665 0.115485
0 0.806246 0.519684 0.094665 0.115485
0 0.803817 0.385827 0.094665 0.115485
0 0.798963 0.255904 0.094665 0.115485
0 0.794108 0.119422 0.094665 0.115485
0 0.500811 0.422570 0.074441 0.160096
0 0.504449 0.329397 0.074441 0.160096
0 0.658181 0.703413 0.074441 0.160096
