0 0.259293 0.309713 0.130264 0.157484
0 0.248774 0.473755 0.130264 0.157484
0 0.256864 0.603675 0.130264 0.157478
0 0.253628 0.740156 0.130264 0.157478
0 0.407358 0.657481 0.130268 0.157478
0 0.496358 0.709974 0.130268 0.157484
0 0.391175 0.463254 0.130264 0.157478
0 0.654134 0.408139 0.130268 0.157478
0 0.842656 0.511810 0.130264 0.157478
0 0.258868 0.165415 0.130264 0.157484
0 0.843463 0.658793 0.130264 0.157484
0 0.863691 0.807088 0.130264 0.157484
0 0.430823 0.908139 0.130268 0.157478
0 0.862073 0.094489 0.130264 0.157484
