0 0.205484 0.178828 0.110622 0.119035
0 0.151648 0.344224 0.110625 0.119035
0 0.136623 0.489721 0.150903 0.127872
0 0.099260 0.657251 0.165556 0.166073
0 0.090287 0.862980 0.180574 0.210132
0 0.394871 0.370674 0.153114 0.119035
0 0.368495 0.566145 0.175084 0.157278
0 0.542857 0.227389 0.110622 0.155773
0 0.657138 0.358918 0.123799 0.119035
0 0.820149 0.184038 0.130412 0.119035
0 0.841759 0.304544 0.130409 0.119041
0 0.852747 0.416232 0.130412 0.119035
0 0.868864 0.526454 0.130412 0.119035
0 0.900371 0.674895 0.149468 0.180785
0 0.865932 0.852695 0.208063 0.218951
